Lincoln Project - 300 tpd,Pre-Feasibility Review
Sutter Gold Mining, Inc.,Greenstone By-Product Analysis

Depreciation Schedule

Year,1,2,3,4,5,6,7,8,
Engineering & Construction, 2722889.24 , 214964.94 , 214964.94 , 214964.94 , 214964.94 , 0 , 0 , 0 
Development, 686152.32 , 54169.92 , 54169.92 , 54169.92 , 54169.92 , 0 , 0 , 0 
Mine Equipment, 423981 , 726824.5714 , 519160.4082 , 370828.863 , 264877.7593 , 264877.7593 , 264877.7593 , 132438.8796 
Mill Equipment, 224594.8571 , 385019.7551 , 275014.1108 , 196438.6506 , 140313.3218 , 140313.3218 , 140313.3218 , 70156.6609 
Working Capital, 1506634 , 0 , 0 , 0 , 0 , 0 , 0 , 0 
Contingency, 426342.52 , 33658.62 , 33658.62 , 33658.62 , 33658.62 , 0 , 0 , 0 
Reclamation, 0 , 0 , 0 , 0 , 0 , 0 , 1926811 , 0 
Buildings, Mine, 27173.0469 , 54346.0938 , 54346.0938 , 54346.0938 , 54346.0938 , 54346.0938 , 54346.0938 , 1385825.3919 
Buildings, Mill, 56499.6562 , 112999.3125 , 112999.3125 , 112999.3125 , 112999.3125 , 112999.3125 , 112999.3125 , 2881482.4687 
Tails Storage, 1004705.56 , 79318.86 , 79318.86 , 79318.86 , 79318.86 , 0 , 0 , 0 
Total, 7078972.2002 , 1661302.0728 , 1343632.2653 , 1116725.2599 , 954648.8274 , 572536.4874 , 2499347.4874 , 4469903.4011 

Thursday, May 19, 2005,Apex for Windows - Version 3.03

